0	{"tweet_id":	0.10714285714285714	0.011904761904761904	0.011904761904761904	0.011904761904761904	0.011904761904761904	0.011904761904761904	0.011904761904761904	0.05952380952380952	0.011904761904761904	0.011904761904761904	0.05952380952380952	0.011904761904761904	0.011904761904761904	0.10714285714285714	0.10714285714285714	0.20238095238095238	0.10714285714285714	0.011904761904761904	0.05952380952380952	0.05952380952380952
1	{"tweet_id":	0.010416666666666666	0.052083333333333336	0.010416666666666666	0.010416666666666666	0.010416666666666666	0.010416666666666666	0.09375	0.010416666666666666	0.09375	0.010416666666666666	0.052083333333333336	0.34375	0.010416666666666666	0.052083333333333336	0.13541666666666666	0.052083333333333336	0.010416666666666666	0.010416666666666666	0.010416666666666666	0.010416666666666666
2	{"tweet_id":	0.010416666666666666	0.09375	0.010416666666666666	0.052083333333333336	0.010416666666666666	0.010416666666666666	0.052083333333333336	0.09375	0.010416666666666666	0.010416666666666666	0.010416666666666666	0.13541666666666666	0.052083333333333336	0.09375	0.010416666666666666	0.010416666666666666	0.010416666666666666	0.010416666666666666	0.052083333333333336	0.2604166666666667
3	{"tweet_id":	0.010869565217391304	0.14130434782608695	0.010869565217391304	0.010869565217391304	0.05434782608695652	0.010869565217391304	0.010869565217391304	0.2717391304347826	0.010869565217391304	0.010869565217391304	0.010869565217391304	0.010869565217391304	0.010869565217391304	0.010869565217391304	0.22826086956521738	0.010869565217391304	0.010869565217391304	0.09782608695652174	0.05434782608695652	0.010869565217391304
4	{"tweet_id":	0.011363636363636364	0.011363636363636364	0.056818181818181816	0.056818181818181816	0.14772727272727273	0.10227272727272728	0.011363636363636364	0.14772727272727273	0.011363636363636364	0.056818181818181816	0.011363636363636364	0.056818181818181816	0.14772727272727273	0.011363636363636364	0.10227272727272728	0.011363636363636364	0.011363636363636364	0.011363636363636364	0.011363636363636364	0.011363636363636364
5	{"tweet_id":	0.011363636363636364	0.10227272727272728	0.011363636363636364	0.19318181818181818	0.011363636363636364	0.011363636363636364	0.056818181818181816	0.011363636363636364	0.011363636363636364	0.14772727272727273	0.056818181818181816	0.011363636363636364	0.011363636363636364	0.011363636363636364	0.011363636363636364	0.011363636363636364	0.011363636363636364	0.2840909090909091	0.011363636363636364	0.011363636363636364
6	{"tweet_id":	0.14772727272727273	0.011363636363636364	0.011363636363636364	0.011363636363636364	0.011363636363636364	0.011363636363636364	0.011363636363636364	0.011363636363636364	0.011363636363636364	0.011363636363636364	0.056818181818181816	0.19318181818181818	0.011363636363636364	0.011363636363636364	0.14772727272727273	0.14772727272727273	0.10227272727272728	0.056818181818181816	0.011363636363636364	0.011363636363636364
7	{"tweet_id":	0.009259259259259259	0.009259259259259259	0.26851851851851855	0.19444444444444445	0.009259259259259259	0.009259259259259259	0.009259259259259259	0.009259259259259259	0.009259259259259259	0.009259259259259259	0.009259259259259259	0.009259259259259259	0.009259259259259259	0.009259259259259259	0.12037037037037036	0.009259259259259259	0.1574074074074074	0.12037037037037036	0.009259259259259259	0.009259259259259259
8	{"tweet_id":	0.2125	0.0125	0.0125	0.0125	0.0125	0.0125	0.0125	0.0125	0.0125	0.1125	0.0125	0.0125	0.1125	0.0125	0.2125	0.0625	0.0625	0.0125	0.0625	0.0125
9	{"tweet_id":	0.09782608695652174	0.05434782608695652	0.010869565217391304	0.010869565217391304	0.05434782608695652	0.05434782608695652	0.18478260869565216	0.010869565217391304	0.010869565217391304	0.18478260869565216	0.010869565217391304	0.05434782608695652	0.010869565217391304	0.05434782608695652	0.010869565217391304	0.05434782608695652	0.010869565217391304	0.05434782608695652	0.05434782608695652	0.010869565217391304
10	{"tweet_id":	0.008928571428571428	0.008928571428571428	0.044642857142857144	0.008928571428571428	0.008928571428571428	0.08035714285714286	0.008928571428571428	0.008928571428571428	0.008928571428571428	0.4017857142857143	0.11607142857142858	0.044642857142857144	0.008928571428571428	0.008928571428571428	0.11607142857142858	0.044642857142857144	0.008928571428571428	0.008928571428571428	0.044642857142857144	0.008928571428571428
11	{"tweet_id":	0.010416666666666666	0.13541666666666666	0.010416666666666666	0.010416666666666666	0.010416666666666666	0.010416666666666666	0.010416666666666666	0.010416666666666666	0.17708333333333334	0.010416666666666666	0.17708333333333334	0.010416666666666666	0.13541666666666666	0.010416666666666666	0.010416666666666666	0.010416666666666666	0.09375	0.09375	0.010416666666666666	0.052083333333333336
12	{"tweet_id":	0.17708333333333334	0.010416666666666666	0.052083333333333336	0.17708333333333334	0.010416666666666666	0.010416666666666666	0.010416666666666666	0.052083333333333336	0.010416666666666666	0.010416666666666666	0.010416666666666666	0.010416666666666666	0.010416666666666666	0.13541666666666666	0.010416666666666666	0.052083333333333336	0.010416666666666666	0.21875	0.010416666666666666	0.010416666666666666
13	{"tweet_id":	0.18055555555555555	0.013888888888888888	0.013888888888888888	0.013888888888888888	0.013888888888888888	0.013888888888888888	0.013888888888888888	0.125	0.013888888888888888	0.013888888888888888	0.013888888888888888	0.013888888888888888	0.013888888888888888	0.18055555555555555	0.013888888888888888	0.013888888888888888	0.125	0.18055555555555555	0.013888888888888888	0.013888888888888888
14	{"tweet_id":	0.011363636363636364	0.011363636363636364	0.10227272727272728	0.011363636363636364	0.011363636363636364	0.011363636363636364	0.011363636363636364	0.011363636363636364	0.19318181818181818	0.011363636363636364	0.011363636363636364	0.011363636363636364	0.10227272727272728	0.32954545454545453	0.011363636363636364	0.011363636363636364	0.011363636363636364	0.10227272727272728	0.011363636363636364	0.011363636363636364
15	{"tweet_id":	0.010416666666666666	0.17708333333333334	0.010416666666666666	0.010416666666666666	0.17708333333333334	0.09375	0.010416666666666666	0.010416666666666666	0.21875	0.010416666666666666	0.010416666666666666	0.010416666666666666	0.010416666666666666	0.010416666666666666	0.010416666666666666	0.010416666666666666	0.17708333333333334	0.010416666666666666	0.010416666666666666	0.010416666666666666
16	{"tweet_id":	0.013888888888888888	0.013888888888888888	0.013888888888888888	0.06944444444444445	0.013888888888888888	0.013888888888888888	0.013888888888888888	0.06944444444444445	0.013888888888888888	0.013888888888888888	0.013888888888888888	0.013888888888888888	0.18055555555555555	0.013888888888888888	0.013888888888888888	0.06944444444444445	0.18055555555555555	0.013888888888888888	0.013888888888888888	0.2361111111111111
17	{"tweet_id":	0.04807692307692308	0.08653846153846154	0.009615384615384616	0.009615384615384616	0.08653846153846154	0.009615384615384616	0.3942307692307692	0.009615384615384616	0.009615384615384616	0.125	0.009615384615384616	0.009615384615384616	0.009615384615384616	0.009615384615384616	0.08653846153846154	0.009615384615384616	0.04807692307692308	0.009615384615384616	0.009615384615384616	0.009615384615384616
18	{"tweet_id":	0.011904761904761904	0.25	0.011904761904761904	0.05952380952380952	0.011904761904761904	0.05952380952380952	0.011904761904761904	0.011904761904761904	0.011904761904761904	0.011904761904761904	0.011904761904761904	0.05952380952380952	0.05952380952380952	0.15476190476190477	0.011904761904761904	0.011904761904761904	0.011904761904761904	0.05952380952380952	0.10714285714285714	0.05952380952380952
19	{"tweet_id":	0.056818181818181816	0.056818181818181816	0.056818181818181816	0.011363636363636364	0.011363636363636364	0.011363636363636364	0.10227272727272728	0.011363636363636364	0.011363636363636364	0.011363636363636364	0.32954545454545453	0.011363636363636364	0.14772727272727273	0.011363636363636364	0.011363636363636364	0.011363636363636364	0.10227272727272728	0.011363636363636364	0.011363636363636364	0.011363636363636364
20	{"tweet_id":	0.0125	0.0125	0.0125	0.0125	0.0125	0.0625	0.0125	0.0125	0.0125	0.0625	0.0125	0.0125	0.0625	0.0125	0.0125	0.1625	0.1625	0.0125	0.1625	0.1625
21	{"tweet_id":	0.01	0.01	0.01	0.01	0.13	0.01	0.25	0.05	0.01	0.01	0.01	0.09	0.01	0.01	0.01	0.09	0.01	0.05	0.01	0.21
22	{"tweet_id":	0.07758620689655173	0.04310344827586207	0.008620689655172414	0.1810344827586207	0.008620689655172414	0.008620689655172414	0.04310344827586207	0.04310344827586207	0.008620689655172414	0.008620689655172414	0.008620689655172414	0.07758620689655173	0.008620689655172414	0.008620689655172414	0.008620689655172414	0.04310344827586207	0.008620689655172414	0.07758620689655173	0.11206896551724138	0.21551724137931033
23	{"tweet_id":	0.05	0.01	0.13	0.01	0.21	0.09	0.01	0.01	0.01	0.13	0.01	0.01	0.05	0.13	0.01	0.09	0.01	0.01	0.01	0.01
24	{"tweet_id":	0.011904761904761904	0.15476190476190477	0.15476190476190477	0.011904761904761904	0.05952380952380952	0.05952380952380952	0.011904761904761904	0.011904761904761904	0.011904761904761904	0.05952380952380952	0.05952380952380952	0.011904761904761904	0.10714285714285714	0.011904761904761904	0.011904761904761904	0.011904761904761904	0.011904761904761904	0.10714285714285714	0.10714285714285714	0.011904761904761904
25	{"tweet_id":	0.10714285714285714	0.011904761904761904	0.05952380952380952	0.05952380952380952	0.011904761904761904	0.15476190476190477	0.011904761904761904	0.15476190476190477	0.011904761904761904	0.011904761904761904	0.011904761904761904	0.15476190476190477	0.011904761904761904	0.05952380952380952	0.011904761904761904	0.011904761904761904	0.05952380952380952	0.05952380952380952	0.011904761904761904	0.011904761904761904
26	{"tweet_id":	0.052083333333333336	0.09375	0.010416666666666666	0.010416666666666666	0.010416666666666666	0.010416666666666666	0.09375	0.010416666666666666	0.010416666666666666	0.010416666666666666	0.17708333333333334	0.2604166666666667	0.010416666666666666	0.010416666666666666	0.010416666666666666	0.010416666666666666	0.010416666666666666	0.052083333333333336	0.09375	0.052083333333333336
27	{"tweet_id":	0.13541666666666666	0.010416666666666666	0.010416666666666666	0.010416666666666666	0.010416666666666666	0.052083333333333336	0.010416666666666666	0.09375	0.010416666666666666	0.010416666666666666	0.13541666666666666	0.09375	0.010416666666666666	0.09375	0.010416666666666666	0.2604166666666667	0.010416666666666666	0.010416666666666666	0.010416666666666666	0.010416666666666666
28	{"tweet_id":	0.010416666666666666	0.13541666666666666	0.010416666666666666	0.010416666666666666	0.010416666666666666	0.052083333333333336	0.010416666666666666	0.010416666666666666	0.052083333333333336	0.010416666666666666	0.010416666666666666	0.09375	0.052083333333333336	0.010416666666666666	0.09375	0.052083333333333336	0.09375	0.2604166666666667	0.010416666666666666	0.010416666666666666
29	{"tweet_id":	0.10227272727272728	0.056818181818181816	0.14772727272727273	0.23863636363636365	0.011363636363636364	0.056818181818181816	0.011363636363636364	0.011363636363636364	0.011363636363636364	0.011363636363636364	0.011363636363636364	0.011363636363636364	0.14772727272727273	0.10227272727272728	0.011363636363636364	0.011363636363636364	0.011363636363636364	0.011363636363636364	0.011363636363636364	0.011363636363636364
30	{"tweet_id":	0.013888888888888888	0.18055555555555555	0.013888888888888888	0.013888888888888888	0.013888888888888888	0.06944444444444445	0.013888888888888888	0.06944444444444445	0.013888888888888888	0.06944444444444445	0.013888888888888888	0.013888888888888888	0.06944444444444445	0.06944444444444445	0.013888888888888888	0.013888888888888888	0.125	0.18055555555555555	0.013888888888888888	0.013888888888888888
31	{"tweet_id":	0.01	0.01	0.01	0.01	0.01	0.01	0.05	0.29	0.01	0.01	0.05	0.05	0.05	0.01	0.01	0.01	0.01	0.17	0.01	0.21
32	{"tweet_id":	0.17708333333333334	0.010416666666666666	0.09375	0.010416666666666666	0.010416666666666666	0.13541666666666666	0.010416666666666666	0.010416666666666666	0.010416666666666666	0.052083333333333336	0.010416666666666666	0.052083333333333336	0.17708333333333334	0.010416666666666666	0.13541666666666666	0.010416666666666666	0.010416666666666666	0.010416666666666666	0.052083333333333336	0.010416666666666666
33	{"tweet_id":	0.009615384615384616	0.04807692307692308	0.009615384615384616	0.009615384615384616	0.2403846153846154	0.2403846153846154	0.009615384615384616	0.08653846153846154	0.009615384615384616	0.125	0.009615384615384616	0.009615384615384616	0.009615384615384616	0.009615384615384616	0.009615384615384616	0.009615384615384616	0.009615384615384616	0.04807692307692308	0.08653846153846154	0.009615384615384616
34	{"tweet_id":	0.013157894736842105	0.013157894736842105	0.013157894736842105	0.013157894736842105	0.013157894736842105	0.11842105263157894	0.11842105263157894	0.013157894736842105	0.11842105263157894	0.013157894736842105	0.013157894736842105	0.06578947368421052	0.013157894736842105	0.06578947368421052	0.11842105263157894	0.013157894736842105	0.013157894736842105	0.06578947368421052	0.013157894736842105	0.17105263157894737
35	{"tweet_id":	0.0125	0.0625	0.0125	0.0125	0.0125	0.0625	0.0125	0.0125	0.0125	0.0625	0.0125	0.1625	0.0125	0.1625	0.1625	0.0125	0.0625	0.0125	0.0125	0.1125
36	{"tweet_id":	0.046296296296296294	0.009259259259259259	0.046296296296296294	0.009259259259259259	0.08333333333333333	0.009259259259259259	0.009259259259259259	0.009259259259259259	0.009259259259259259	0.046296296296296294	0.19444444444444445	0.046296296296296294	0.12037037037037036	0.009259259259259259	0.23148148148148148	0.08333333333333333	0.009259259259259259	0.009259259259259259	0.009259259259259259	0.009259259259259259
37	{"tweet_id":	0.008928571428571428	0.008928571428571428	0.008928571428571428	0.008928571428571428	0.008928571428571428	0.008928571428571428	0.33035714285714285	0.008928571428571428	0.008928571428571428	0.008928571428571428	0.008928571428571428	0.08035714285714286	0.08035714285714286	0.08035714285714286	0.008928571428571428	0.008928571428571428	0.008928571428571428	0.008928571428571428	0.008928571428571428	0.29464285714285715
38	{"tweet_id":	0.013157894736842105	0.013157894736842105	0.013157894736842105	0.013157894736842105	0.013157894736842105	0.06578947368421052	0.013157894736842105	0.06578947368421052	0.06578947368421052	0.013157894736842105	0.013157894736842105	0.27631578947368424	0.06578947368421052	0.17105263157894737	0.013157894736842105	0.06578947368421052	0.013157894736842105	0.013157894736842105	0.013157894736842105	0.06578947368421052
39	{"tweet_id":	0.010869565217391304	0.14130434782608695	0.010869565217391304	0.18478260869565216	0.010869565217391304	0.010869565217391304	0.010869565217391304	0.010869565217391304	0.010869565217391304	0.05434782608695652	0.010869565217391304	0.010869565217391304	0.14130434782608695	0.09782608695652174	0.010869565217391304	0.010869565217391304	0.14130434782608695	0.010869565217391304	0.010869565217391304	0.09782608695652174
40	{"tweet_id":	0.05434782608695652	0.010869565217391304	0.010869565217391304	0.18478260869565216	0.010869565217391304	0.05434782608695652	0.010869565217391304	0.010869565217391304	0.010869565217391304	0.05434782608695652	0.05434782608695652	0.09782608695652174	0.09782608695652174	0.010869565217391304	0.010869565217391304	0.010869565217391304	0.010869565217391304	0.09782608695652174	0.09782608695652174	0.09782608695652174
41	{"tweet_id":	0.10227272727272728	0.011363636363636364	0.011363636363636364	0.056818181818181816	0.011363636363636364	0.011363636363636364	0.011363636363636364	0.011363636363636364	0.056818181818181816	0.011363636363636364	0.011363636363636364	0.011363636363636364	0.011363636363636364	0.19318181818181818	0.011363636363636364	0.2840909090909091	0.10227272727272728	0.011363636363636364	0.011363636363636364	0.056818181818181816
42	{"tweet_id":	0.0125	0.0625	0.0125	0.0125	0.0125	0.0125	0.0125	0.0125	0.0125	0.0125	0.0125	0.0125	0.0125	0.0125	0.3625	0.0125	0.3625	0.0125	0.0125	0.0125
43	{"tweet_id":	0.2976190476190476	0.05952380952380952	0.011904761904761904	0.011904761904761904	0.011904761904761904	0.05952380952380952	0.011904761904761904	0.011904761904761904	0.05952380952380952	0.05952380952380952	0.05952380952380952	0.011904761904761904	0.011904761904761904	0.10714285714285714	0.10714285714285714	0.011904761904761904	0.05952380952380952	0.011904761904761904	0.011904761904761904	0.011904761904761904
44	{"tweet_id":	0.013888888888888888	0.013888888888888888	0.013888888888888888	0.013888888888888888	0.06944444444444445	0.125	0.013888888888888888	0.013888888888888888	0.013888888888888888	0.013888888888888888	0.06944444444444445	0.06944444444444445	0.013888888888888888	0.06944444444444445	0.013888888888888888	0.013888888888888888	0.06944444444444445	0.125	0.013888888888888888	0.2361111111111111
45	{"tweet_id":	0.010416666666666666	0.010416666666666666	0.010416666666666666	0.010416666666666666	0.17708333333333334	0.010416666666666666	0.010416666666666666	0.052083333333333336	0.052083333333333336	0.010416666666666666	0.010416666666666666	0.09375	0.09375	0.09375	0.2604166666666667	0.052083333333333336	0.010416666666666666	0.010416666666666666	0.010416666666666666	0.010416666666666666
46	{"tweet_id":	0.01	0.01	0.01	0.01	0.01	0.01	0.05	0.17	0.05	0.01	0.09	0.05	0.09	0.09	0.01	0.01	0.05	0.09	0.01	0.17
47	{"tweet_id":	0.06578947368421052	0.013157894736842105	0.013157894736842105	0.013157894736842105	0.013157894736842105	0.013157894736842105	0.013157894736842105	0.2236842105263158	0.013157894736842105	0.013157894736842105	0.013157894736842105	0.013157894736842105	0.2236842105263158	0.013157894736842105	0.013157894736842105	0.013157894736842105	0.11842105263157894	0.11842105263157894	0.013157894736842105	0.06578947368421052
48	{"tweet_id":	0.008620689655172414	0.04310344827586207	0.008620689655172414	0.008620689655172414	0.008620689655172414	0.14655172413793102	0.14655172413793102	0.008620689655172414	0.25	0.008620689655172414	0.008620689655172414	0.1810344827586207	0.008620689655172414	0.008620689655172414	0.008620689655172414	0.008620689655172414	0.11206896551724138	0.008620689655172414	0.008620689655172414	0.008620689655172414
49	{"tweet_id":	0.010416666666666666	0.010416666666666666	0.010416666666666666	0.010416666666666666	0.010416666666666666	0.052083333333333336	0.010416666666666666	0.010416666666666666	0.052083333333333336	0.010416666666666666	0.010416666666666666	0.010416666666666666	0.010416666666666666	0.010416666666666666	0.052083333333333336	0.09375	0.34375	0.010416666666666666	0.2604166666666667	0.010416666666666666
50	{"tweet_id":	0.013157894736842105	0.013157894736842105	0.013157894736842105	0.013157894736842105	0.11842105263157894	0.013157894736842105	0.013157894736842105	0.013157894736842105	0.013157894736842105	0.013157894736842105	0.17105263157894737	0.013157894736842105	0.2236842105263158	0.013157894736842105	0.013157894736842105	0.013157894736842105	0.27631578947368424	0.013157894736842105	0.013157894736842105	0.013157894736842105
51	{"tweet_id":	0.06578947368421052	0.013157894736842105	0.06578947368421052	0.013157894736842105	0.013157894736842105	0.013157894736842105	0.013157894736842105	0.11842105263157894	0.013157894736842105	0.013157894736842105	0.013157894736842105	0.013157894736842105	0.2236842105263158	0.11842105263157894	0.013157894736842105	0.013157894736842105	0.2236842105263158	0.013157894736842105	0.013157894736842105	0.013157894736842105
52	{"tweet_id":	0.056818181818181816	0.19318181818181818	0.011363636363636364	0.011363636363636364	0.011363636363636364	0.011363636363636364	0.056818181818181816	0.011363636363636364	0.011363636363636364	0.10227272727272728	0.056818181818181816	0.011363636363636364	0.011363636363636364	0.011363636363636364	0.011363636363636364	0.011363636363636364	0.10227272727272728	0.011363636363636364	0.056818181818181816	0.23863636363636365
53	{"tweet_id":	0.06578947368421052	0.013157894736842105	0.06578947368421052	0.013157894736842105	0.013157894736842105	0.013157894736842105	0.013157894736842105	0.013157894736842105	0.013157894736842105	0.013157894736842105	0.013157894736842105	0.11842105263157894	0.013157894736842105	0.013157894736842105	0.32894736842105265	0.11842105263157894	0.06578947368421052	0.013157894736842105	0.06578947368421052	0.013157894736842105
54	{"tweet_id":	0.0125	0.0125	0.1125	0.0125	0.2125	0.2125	0.0125	0.0625	0.0625	0.0125	0.0625	0.0125	0.0125	0.0125	0.0125	0.0625	0.0125	0.0125	0.0125	0.0625
55	{"tweet_id":	0.013888888888888888	0.013888888888888888	0.013888888888888888	0.18055555555555555	0.013888888888888888	0.3472222222222222	0.013888888888888888	0.013888888888888888	0.013888888888888888	0.06944444444444445	0.013888888888888888	0.013888888888888888	0.013888888888888888	0.125	0.06944444444444445	0.013888888888888888	0.013888888888888888	0.013888888888888888	0.013888888888888888	0.013888888888888888
56	{"tweet_id":	0.10714285714285714	0.011904761904761904	0.25	0.011904761904761904	0.10714285714285714	0.15476190476190477	0.011904761904761904	0.011904761904761904	0.011904761904761904	0.011904761904761904	0.10714285714285714	0.011904761904761904	0.011904761904761904	0.011904761904761904	0.011904761904761904	0.05952380952380952	0.011904761904761904	0.011904761904761904	0.011904761904761904	0.05952380952380952
57	{"tweet_id":	0.009615384615384616	0.16346153846153846	0.009615384615384616	0.04807692307692308	0.009615384615384616	0.08653846153846154	0.009615384615384616	0.009615384615384616	0.009615384615384616	0.08653846153846154	0.04807692307692308	0.009615384615384616	0.125	0.08653846153846154	0.16346153846153846	0.009615384615384616	0.08653846153846154	0.009615384615384616	0.009615384615384616	0.009615384615384616
58	{"tweet_id":	0.046296296296296294	0.009259259259259259	0.046296296296296294	0.009259259259259259	0.009259259259259259	0.046296296296296294	0.009259259259259259	0.009259259259259259	0.08333333333333333	0.046296296296296294	0.046296296296296294	0.3055555555555556	0.009259259259259259	0.009259259259259259	0.009259259259259259	0.08333333333333333	0.046296296296296294	0.009259259259259259	0.12037037037037036	0.046296296296296294
59	{"tweet_id":	0.010869565217391304	0.010869565217391304	0.010869565217391304	0.05434782608695652	0.010869565217391304	0.010869565217391304	0.010869565217391304	0.22826086956521738	0.14130434782608695	0.010869565217391304	0.05434782608695652	0.010869565217391304	0.05434782608695652	0.010869565217391304	0.010869565217391304	0.010869565217391304	0.010869565217391304	0.2717391304347826	0.05434782608695652	0.010869565217391304
60	{"tweet_id":	0.05	0.01	0.01	0.05	0.01	0.09	0.13	0.09	0.13	0.01	0.09	0.05	0.01	0.01	0.09	0.01	0.09	0.05	0.01	0.01
61	{"tweet_id":	0.09782608695652174	0.14130434782608695	0.05434782608695652	0.010869565217391304	0.010869565217391304	0.05434782608695652	0.010869565217391304	0.010869565217391304	0.05434782608695652	0.05434782608695652	0.18478260869565216	0.05434782608695652	0.010869565217391304	0.010869565217391304	0.14130434782608695	0.010869565217391304	0.010869565217391304	0.010869565217391304	0.010869565217391304	0.05434782608695652
62	{"tweet_id":	0.011363636363636364	0.23863636363636365	0.056818181818181816	0.056818181818181816	0.056818181818181816	0.056818181818181816	0.10227272727272728	0.011363636363636364	0.056818181818181816	0.19318181818181818	0.011363636363636364	0.056818181818181816	0.011363636363636364	0.011363636363636364	0.011363636363636364	0.011363636363636364	0.011363636363636364	0.011363636363636364	0.011363636363636364	0.011363636363636364
63	{"tweet_id":	0.013888888888888888	0.013888888888888888	0.125	0.013888888888888888	0.013888888888888888	0.18055555555555555	0.013888888888888888	0.013888888888888888	0.013888888888888888	0.06944444444444445	0.125	0.06944444444444445	0.18055555555555555	0.013888888888888888	0.013888888888888888	0.013888888888888888	0.013888888888888888	0.013888888888888888	0.06944444444444445	0.013888888888888888
64	{"tweet_id":	0.11842105263157894	0.013157894736842105	0.17105263157894737	0.013157894736842105	0.11842105263157894	0.06578947368421052	0.06578947368421052	0.013157894736842105	0.06578947368421052	0.013157894736842105	0.013157894736842105	0.013157894736842105	0.013157894736842105	0.013157894736842105	0.06578947368421052	0.013157894736842105	0.17105263157894737	0.013157894736842105	0.013157894736842105	0.013157894736842105
65	{"tweet_id":	0.09	0.05	0.01	0.01	0.01	0.01	0.01	0.01	0.01	0.01	0.13	0.01	0.01	0.01	0.01	0.09	0.13	0.01	0.01	0.37
66	{"tweet_id":	0.05	0.13	0.17	0.25	0.01	0.01	0.01	0.01	0.01	0.05	0.01	0.01	0.01	0.05	0.01	0.01	0.05	0.13	0.01	0.01
67	{"tweet_id":	0.01	0.01	0.05	0.01	0.05	0.01	0.05	0.01	0.01	0.09	0.33	0.01	0.29	0.01	0.01	0.01	0.01	0.01	0.01	0.01
68	{"tweet_id":	0.0125	0.0125	0.0125	0.0125	0.0125	0.1125	0.3125	0.0125	0.0125	0.0125	0.0125	0.0125	0.0125	0.0125	0.0125	0.0125	0.0625	0.1625	0.0125	0.1625
69	{"tweet_id":	0.04807692307692308	0.009615384615384616	0.009615384615384616	0.009615384615384616	0.009615384615384616	0.16346153846153846	0.08653846153846154	0.04807692307692308	0.009615384615384616	0.04807692307692308	0.009615384615384616	0.16346153846153846	0.08653846153846154	0.009615384615384616	0.08653846153846154	0.009615384615384616	0.16346153846153846	0.009615384615384616	0.009615384615384616	0.009615384615384616
70	{"tweet_id":	0.010869565217391304	0.010869565217391304	0.010869565217391304	0.010869565217391304	0.010869565217391304	0.05434782608695652	0.18478260869565216	0.010869565217391304	0.05434782608695652	0.09782608695652174	0.010869565217391304	0.010869565217391304	0.010869565217391304	0.09782608695652174	0.05434782608695652	0.010869565217391304	0.010869565217391304	0.05434782608695652	0.010869565217391304	0.2717391304347826
71	{"tweet_id":	0.013888888888888888	0.013888888888888888	0.013888888888888888	0.013888888888888888	0.013888888888888888	0.013888888888888888	0.2361111111111111	0.013888888888888888	0.013888888888888888	0.013888888888888888	0.013888888888888888	0.013888888888888888	0.013888888888888888	0.125	0.013888888888888888	0.013888888888888888	0.06944444444444445	0.2916666666666667	0.013888888888888888	0.06944444444444445
72	{"tweet_id":	0.2236842105263158	0.013157894736842105	0.013157894736842105	0.013157894736842105	0.013157894736842105	0.06578947368421052	0.013157894736842105	0.013157894736842105	0.11842105263157894	0.013157894736842105	0.013157894736842105	0.013157894736842105	0.06578947368421052	0.013157894736842105	0.013157894736842105	0.013157894736842105	0.27631578947368424	0.06578947368421052	0.013157894736842105	0.013157894736842105
73	{"tweet_id":	0.2976190476190476	0.011904761904761904	0.05952380952380952	0.011904761904761904	0.011904761904761904	0.15476190476190477	0.011904761904761904	0.011904761904761904	0.05952380952380952	0.011904761904761904	0.011904761904761904	0.011904761904761904	0.05952380952380952	0.05952380952380952	0.011904761904761904	0.05952380952380952	0.011904761904761904	0.011904761904761904	0.011904761904761904	0.10714285714285714
74	{"tweet_id":	0.011904761904761904	0.011904761904761904	0.10714285714285714	0.011904761904761904	0.011904761904761904	0.011904761904761904	0.011904761904761904	0.10714285714285714	0.011904761904761904	0.011904761904761904	0.011904761904761904	0.011904761904761904	0.011904761904761904	0.10714285714285714	0.011904761904761904	0.011904761904761904	0.10714285714285714	0.39285714285714285	0.011904761904761904	0.011904761904761904
75	{"tweet_id":	0.013157894736842105	0.013157894736842105	0.013157894736842105	0.013157894736842105	0.013157894736842105	0.013157894736842105	0.17105263157894737	0.013157894736842105	0.06578947368421052	0.013157894736842105	0.013157894736842105	0.013157894736842105	0.013157894736842105	0.013157894736842105	0.2236842105263158	0.013157894736842105	0.27631578947368424	0.06578947368421052	0.013157894736842105	0.013157894736842105
76	{"tweet_id":	0.09	0.01	0.17	0.01	0.01	0.01	0.01	0.05	0.01	0.09	0.01	0.01	0.13	0.01	0.05	0.01	0.13	0.13	0.05	0.01
77	{"tweet_id":	0.0125	0.0125	0.0125	0.0125	0.2625	0.1125	0.0125	0.0125	0.0125	0.0125	0.0625	0.0125	0.1625	0.0125	0.0125	0.0625	0.0125	0.0125	0.1125	0.0625
78	{"tweet_id":	0.011904761904761904	0.011904761904761904	0.011904761904761904	0.15476190476190477	0.011904761904761904	0.05952380952380952	0.011904761904761904	0.011904761904761904	0.011904761904761904	0.011904761904761904	0.011904761904761904	0.011904761904761904	0.05952380952380952	0.39285714285714285	0.011904761904761904	0.011904761904761904	0.15476190476190477	0.011904761904761904	0.011904761904761904	0.011904761904761904
79	{"tweet_id":	0.011363636363636364	0.011363636363636364	0.011363636363636364	0.011363636363636364	0.011363636363636364	0.10227272727272728	0.011363636363636364	0.011363636363636364	0.23863636363636365	0.19318181818181818	0.10227272727272728	0.011363636363636364	0.056818181818181816	0.011363636363636364	0.011363636363636364	0.011363636363636364	0.10227272727272728	0.011363636363636364	0.056818181818181816	0.011363636363636364
80	{"tweet_id":	0.009259259259259259	0.009259259259259259	0.009259259259259259	0.046296296296296294	0.046296296296296294	0.009259259259259259	0.046296296296296294	0.009259259259259259	0.3055555555555556	0.046296296296296294	0.12037037037037036	0.009259259259259259	0.12037037037037036	0.009259259259259259	0.046296296296296294	0.046296296296296294	0.08333333333333333	0.009259259259259259	0.009259259259259259	0.009259259259259259
81	{"tweet_id":	0.13	0.01	0.01	0.05	0.01	0.01	0.05	0.01	0.01	0.09	0.01	0.01	0.01	0.01	0.05	0.25	0.05	0.21	0.01	0.01
82	{"tweet_id":	0.010416666666666666	0.010416666666666666	0.010416666666666666	0.010416666666666666	0.010416666666666666	0.010416666666666666	0.010416666666666666	0.34375	0.010416666666666666	0.010416666666666666	0.052083333333333336	0.052083333333333336	0.052083333333333336	0.010416666666666666	0.010416666666666666	0.010416666666666666	0.052083333333333336	0.052083333333333336	0.052083333333333336	0.21875
83	{"tweet_id":	0.010869565217391304	0.010869565217391304	0.09782608695652174	0.010869565217391304	0.010869565217391304	0.09782608695652174	0.010869565217391304	0.010869565217391304	0.010869565217391304	0.2717391304347826	0.010869565217391304	0.09782608695652174	0.010869565217391304	0.09782608695652174	0.010869565217391304	0.010869565217391304	0.14130434782608695	0.010869565217391304	0.010869565217391304	0.05434782608695652
84	{"tweet_id":	0.011363636363636364	0.011363636363636364	0.056818181818181816	0.011363636363636364	0.011363636363636364	0.011363636363636364	0.011363636363636364	0.011363636363636364	0.056818181818181816	0.011363636363636364	0.056818181818181816	0.011363636363636364	0.19318181818181818	0.011363636363636364	0.011363636363636364	0.14772727272727273	0.14772727272727273	0.10227272727272728	0.011363636363636364	0.10227272727272728
85	{"tweet_id":	0.010416666666666666	0.052083333333333336	0.13541666666666666	0.09375	0.010416666666666666	0.09375	0.010416666666666666	0.052083333333333336	0.010416666666666666	0.13541666666666666	0.09375	0.010416666666666666	0.010416666666666666	0.010416666666666666	0.010416666666666666	0.010416666666666666	0.13541666666666666	0.010416666666666666	0.09375	0.010416666666666666
86	{"tweet_id":	0.052083333333333336	0.010416666666666666	0.010416666666666666	0.010416666666666666	0.21875	0.010416666666666666	0.010416666666666666	0.010416666666666666	0.052083333333333336	0.010416666666666666	0.010416666666666666	0.2604166666666667	0.010416666666666666	0.010416666666666666	0.010416666666666666	0.010416666666666666	0.010416666666666666	0.2604166666666667	0.010416666666666666	0.010416666666666666
87	{"tweet_id":	0.1625	0.0625	0.0125	0.1125	0.0125	0.0125	0.2125	0.0125	0.0125	0.0125	0.1125	0.0625	0.0125	0.0625	0.0125	0.0125	0.0125	0.0625	0.0125	0.0125
88	{"tweet_id":	0.052083333333333336	0.13541666666666666	0.17708333333333334	0.010416666666666666	0.010416666666666666	0.13541666666666666	0.010416666666666666	0.010416666666666666	0.010416666666666666	0.052083333333333336	0.09375	0.010416666666666666	0.010416666666666666	0.09375	0.010416666666666666	0.010416666666666666	0.010416666666666666	0.13541666666666666	0.010416666666666666	0.010416666666666666
89	{"tweet_id":	0.013157894736842105	0.013157894736842105	0.013157894736842105	0.013157894736842105	0.06578947368421052	0.013157894736842105	0.2236842105263158	0.013157894736842105	0.013157894736842105	0.17105263157894737	0.013157894736842105	0.013157894736842105	0.11842105263157894	0.17105263157894737	0.013157894736842105	0.013157894736842105	0.013157894736842105	0.013157894736842105	0.013157894736842105	0.06578947368421052
90	{"tweet_id":	0.046296296296296294	0.009259259259259259	0.009259259259259259	0.009259259259259259	0.009259259259259259	0.009259259259259259	0.046296296296296294	0.009259259259259259	0.12037037037037036	0.046296296296296294	0.009259259259259259	0.009259259259259259	0.009259259259259259	0.3055555555555556	0.009259259259259259	0.1574074074074074	0.009259259259259259	0.12037037037037036	0.009259259259259259	0.046296296296296294
91	{"tweet_id":	0.008928571428571428	0.008928571428571428	0.11607142857142858	0.08035714285714286	0.008928571428571428	0.08035714285714286	0.044642857142857144	0.008928571428571428	0.044642857142857144	0.008928571428571428	0.008928571428571428	0.11607142857142858	0.008928571428571428	0.008928571428571428	0.008928571428571428	0.22321428571428573	0.11607142857142858	0.08035714285714286	0.008928571428571428	0.008928571428571428
92	{"tweet_id":	0.010869565217391304	0.010869565217391304	0.09782608695652174	0.010869565217391304	0.010869565217391304	0.05434782608695652	0.010869565217391304	0.010869565217391304	0.010869565217391304	0.010869565217391304	0.010869565217391304	0.05434782608695652	0.010869565217391304	0.18478260869565216	0.010869565217391304	0.010869565217391304	0.05434782608695652	0.31521739130434784	0.09782608695652174	0.010869565217391304
93	{"tweet_id":	0.013888888888888888	0.06944444444444445	0.013888888888888888	0.013888888888888888	0.06944444444444445	0.013888888888888888	0.013888888888888888	0.013888888888888888	0.125	0.013888888888888888	0.013888888888888888	0.06944444444444445	0.013888888888888888	0.125	0.013888888888888888	0.013888888888888888	0.013888888888888888	0.06944444444444445	0.06944444444444445	0.2361111111111111
94	{"tweet_id":	0.010416666666666666	0.010416666666666666	0.010416666666666666	0.010416666666666666	0.010416666666666666	0.010416666666666666	0.010416666666666666	0.17708333333333334	0.010416666666666666	0.010416666666666666	0.010416666666666666	0.09375	0.17708333333333334	0.010416666666666666	0.010416666666666666	0.010416666666666666	0.010416666666666666	0.13541666666666666	0.2604166666666667	0.010416666666666666
95	{"tweet_id":	0.010416666666666666	0.010416666666666666	0.13541666666666666	0.21875	0.010416666666666666	0.010416666666666666	0.010416666666666666	0.17708333333333334	0.010416666666666666	0.052083333333333336	0.010416666666666666	0.010416666666666666	0.13541666666666666	0.010416666666666666	0.010416666666666666	0.010416666666666666	0.010416666666666666	0.09375	0.010416666666666666	0.052083333333333336
96	{"tweet_id":	0.14772727272727273	0.011363636363636364	0.011363636363636364	0.23863636363636365	0.011363636363636364	0.011363636363636364	0.011363636363636364	0.011363636363636364	0.011363636363636364	0.011363636363636364	0.056818181818181816	0.011363636363636364	0.056818181818181816	0.011363636363636364	0.011363636363636364	0.011363636363636364	0.011363636363636364	0.14772727272727273	0.011363636363636364	0.19318181818181818
97	{"tweet_id":	0.1125	0.0625	0.1125	0.0625	0.0125	0.1125	0.0125	0.0125	0.0125	0.0625	0.0125	0.0125	0.1625	0.0125	0.0125	0.0625	0.0625	0.0125	0.0625	0.0125
98	{"tweet_id":	0.0125	0.0625	0.0125	0.0125	0.1125	0.1125	0.0125	0.1125	0.0125	0.0125	0.0625	0.0125	0.0125	0.0125	0.0125	0.1625	0.0125	0.1625	0.0625	0.0125
99	{"tweet_id":	0.05434782608695652	0.09782608695652174	0.010869565217391304	0.010869565217391304	0.2717391304347826	0.010869565217391304	0.2717391304347826	0.05434782608695652	0.05434782608695652	0.010869565217391304	0.010869565217391304	0.010869565217391304	0.010869565217391304	0.010869565217391304	0.010869565217391304	0.010869565217391304	0.05434782608695652	0.010869565217391304	0.010869565217391304	0.010869565217391304
100	{"tweet_id":	0.05952380952380952	0.011904761904761904	0.15476190476190477	0.05952380952380952	0.10714285714285714	0.011904761904761904	0.15476190476190477	0.05952380952380952	0.011904761904761904	0.011904761904761904	0.011904761904761904	0.011904761904761904	0.011904761904761904	0.05952380952380952	0.011904761904761904	0.10714285714285714	0.011904761904761904	0.10714285714285714	0.011904761904761904	0.011904761904761904
101	{"tweet_id":	0.011363636363636364	0.056818181818181816	0.011363636363636364	0.056818181818181816	0.011363636363636364	0.056818181818181816	0.011363636363636364	0.011363636363636364	0.011363636363636364	0.011363636363636364	0.011363636363636364	0.011363636363636364	0.011363636363636364	0.10227272727272728	0.19318181818181818	0.011363636363636364	0.375	0.011363636363636364	0.011363636363636364	0.011363636363636364
102	{"tweet_id":	0.010416666666666666	0.052083333333333336	0.010416666666666666	0.010416666666666666	0.010416666666666666	0.010416666666666666	0.3854166666666667	0.052083333333333336	0.010416666666666666	0.010416666666666666	0.010416666666666666	0.010416666666666666	0.010416666666666666	0.010416666666666666	0.09375	0.052083333333333336	0.13541666666666666	0.052083333333333336	0.010416666666666666	0.052083333333333336
103	{"tweet_id":	0.125	0.013888888888888888	0.06944444444444445	0.013888888888888888	0.06944444444444445	0.013888888888888888	0.013888888888888888	0.013888888888888888	0.06944444444444445	0.06944444444444445	0.013888888888888888	0.013888888888888888	0.125	0.125	0.125	0.013888888888888888	0.013888888888888888	0.06944444444444445	0.013888888888888888	0.013888888888888888
104	{"tweet_id":	0.01	0.01	0.01	0.01	0.01	0.05	0.45	0.01	0.01	0.09	0.01	0.05	0.01	0.01	0.01	0.01	0.21	0.01	0.01	0.01
105	{"tweet_id":	0.010869565217391304	0.05434782608695652	0.09782608695652174	0.05434782608695652	0.010869565217391304	0.05434782608695652	0.010869565217391304	0.010869565217391304	0.010869565217391304	0.22826086956521738	0.05434782608695652	0.010869565217391304	0.010869565217391304	0.010869565217391304	0.010869565217391304	0.05434782608695652	0.14130434782608695	0.010869565217391304	0.09782608695652174	0.05434782608695652
106	{"tweet_id":	0.2625	0.0125	0.1125	0.0125	0.0125	0.0625	0.0125	0.0125	0.0625	0.0125	0.0125	0.0125	0.1125	0.0125	0.0125	0.0125	0.2125	0.0125	0.0125	0.0125
107	{"tweet_id":	0.052083333333333336	0.010416666666666666	0.010416666666666666	0.052083333333333336	0.010416666666666666	0.052083333333333336	0.010416666666666666	0.052083333333333336	0.010416666666666666	0.21875	0.010416666666666666	0.010416666666666666	0.010416666666666666	0.010416666666666666	0.3854166666666667	0.010416666666666666	0.010416666666666666	0.010416666666666666	0.052083333333333336	0.010416666666666666
108	{"tweet_id":	0.010416666666666666	0.010416666666666666	0.010416666666666666	0.010416666666666666	0.010416666666666666	0.010416666666666666	0.010416666666666666	0.010416666666666666	0.010416666666666666	0.010416666666666666	0.17708333333333334	0.052083333333333336	0.17708333333333334	0.052083333333333336	0.010416666666666666	0.010416666666666666	0.052083333333333336	0.010416666666666666	0.010416666666666666	0.34375
109	{"tweet_id":	0.056818181818181816	0.011363636363636364	0.14772727272727273	0.011363636363636364	0.011363636363636364	0.14772727272727273	0.056818181818181816	0.011363636363636364	0.011363636363636364	0.056818181818181816	0.011363636363636364	0.056818181818181816	0.011363636363636364	0.10227272727272728	0.011363636363636364	0.011363636363636364	0.011363636363636364	0.011363636363636364	0.011363636363636364	0.23863636363636365
